0.000000000000000000e+00,8.829148368301221322e-03,1.361643735304673974e-01,1.998462232514910397e-01
5.631033479406798437e-01,3.758520307544906958e-01,2.395536602304016993e-01,7.353006181712905542e-01
1.169941523499261060e-01,2.785609911803708094e-01,2.281240137150181146e-02,6.079495001907839757e-01
1.000000000000000000e+00,5.767191666998497945e-01,7.708921406702992085e-01,6.432749137482158819e-01
2.519177896500162106e-01,6.199006514799318412e-02,3.455331223487325687e-01,1.092340968345431318e-01
4.375419175394202886e-01,4.033113791211816457e-01,1.142580749910815374e-02,7.982827351824072215e-01
6.530665102512215325e-01,8.710195843512804625e-01,7.055844136524560550e-01,1.000000000000000000e+00
4.503113406427104448e-01,5.472107908634731288e-01,7.279429060690205677e-01,9.200142839045932774e-01
4.898897435984466697e-01,6.270296505361703243e-01,2.541838261761810158e-01,8.452435800165030155e-01
6.296780295247972337e-01,0.000000000000000000e+00,5.609276907078614149e-01,7.842537226779819903e-01
8.435461183118043715e-01,8.594021131830920091e-02,7.839856485796751207e-01,4.772169298903394807e-01
8.425474854741841213e-01,8.385985938391068428e-01,9.918492344583720310e-01,9.639388474145552665e-01
