3.007220556657630994e-01,1.475047904264512322e-01,0.000000000000000000e+00,5.934191436113875895e-01
1.000000000000000000e+00,4.015964926880924990e-01,7.089325333642408911e-01,7.213067068818435068e-01
7.068415808951309387e-01,6.323066364609275514e-02,3.484414887154647644e-01,7.968424855581613953e-01
5.011971465523976654e-01,9.399759126016505872e-01,5.559517252033836510e-01,1.000000000000000000e+00
3.149001981997910926e-01,7.999208094121075252e-01,3.949732396816786339e-01,9.328237651347064396e-01
2.400666113471295604e-01,8.016370091120135211e-01,2.236001057984041140e-02,1.000000000000000000e+00
0.000000000000000000e+00,5.416924760435262165e-01,1.566010528203439223e-01,6.879478655923589869e-01
3.472612573545335035e-01,4.480871431976319319e-01,1.295934246141554613e-01,6.342556006759643150e-01
7.405247585425870360e-01,0.000000000000000000e+00,7.790491679828165372e-01,4.242391926807020375e-01
8.960489960519366637e-01,2.810075602242183279e-02,1.000000000000000000e+00,1.414557579932135267e-01
4.666437295229313720e-01,1.848272124450446585e-01,2.349307152478816163e-01,4.786506851989983380e-01
9.250985869280083929e-01,5.253917086412350779e-01,6.660743466504828181e-01,9.100770842741091604e-01
