2.017741257001678667e-01,2.821434288255671441e-01,3.542535251329620438e-01,3.289999813802739204e-01
4.938168172289646995e-01,8.024844536424527441e-02,6.023817415784084028e-01,5.733875333344852221e-01
2.257302556129781590e-01,1.370360973682510641e-02,2.451978587185460468e-02,3.652654039541233799e-01
3.663686375996181299e-01,6.104264543460379000e-02,5.023001570323398779e-01,2.240832359988831346e-01
7.815865736134770536e-01,6.342091147502297854e-01,4.920661536360326771e-01,7.720000000000000195e-01
8.453252789762418784e-01,4.685010503752705668e-01,7.570108110589537365e-01,7.720000000000000195e-01
6.479503583078815021e-01,3.847110394569623892e-01,8.960311938161419354e-01,6.272584076789629037e-01
8.909699121177617753e-01,0.000000000000000000e+00,1.952845885430742889e-01,9.786816755287855440e-02
8.978256785798260919e-01,1.253073067816330433e-01,7.817826664519121893e-01,4.317410735932754040e-01
1.753764423830222463e-01,0.000000000000000000e+00,3.687966792310050090e-01,1.163842014285849102e-01
6.091043166115390761e-01,5.147190691051816147e-01,2.563030310675991075e-01,5.562507509174013931e-01
