9.587466032001095151e-01,5.355289628215678110e-01,1.000000000000000000e+00,5.975190413335775830e-01
8.522481223192580613e-01,8.308482919693995772e-01,8.958447287706711171e-01,8.790000000000000036e-01
9.148268931192741205e-01,2.306705983001408611e-04,1.000000000000000000e+00,8.660137568592060631e-02
1.144035299628224922e-01,6.540185901147005376e-01,2.190487523143036797e-01,8.790000000000000036e-01
4.896497865195323373e-01,6.037895295779704963e-01,5.095291839276926416e-01,8.790000000000000036e-01
2.934047823184415815e-01,4.834944411922048602e-02,5.383760685688570025e-01,4.578556974251215550e-01
0.000000000000000000e+00,2.195153933227276810e-01,2.083998911173343682e-01,3.671021723796423775e-01
3.627784387363235385e-01,5.434187626700637264e-02,7.188801605569916653e-02,1.649021717323756464e-01
8.311827611999080823e-01,7.804267241063254923e-02,7.511760759277774646e-01,1.481054262965665336e-01
1.004558405803567672e-01,5.195367073951727699e-01,2.305938699318044738e-01,6.160614752830498864e-01
5.935860304971876111e-01,5.210847549264782108e-01,9.285055966237840686e-01,6.194377250845081173e-01
7.580709726194354570e-01,8.581409862679136857e-01,7.329370365584598757e-01,8.790000000000000036e-01
0.000000000000000000e+00,5.872165694231015198e-01,6.074952950633349946e-02,8.790000000000000036e-01
