5.413282646142002497e-01,0.000000000000000000e+00,6.950264921341061664e-01,1.779061617369278037e-01
9.843424425801615696e-01,8.589197944083537539e-01,8.916849539945335135e-01,1.000000000000000000e+00
5.379623408473879764e-04,9.004597555946967091e-01,4.177211908148156100e-02,9.536407101798394237e-01
0.000000000000000000e+00,6.866179861331483947e-01,2.024419331359747221e-01,8.357717092150184213e-01
3.925932517452210280e-01,2.384080200974419972e-02,2.534727545547782457e-02,5.481847950857452467e-01
3.701164137027686540e-01,1.301159762657273233e-01,7.532802213527733937e-01,5.275115466796767016e-01
1.000000000000000000e+00,4.530506426680230847e-02,8.056990298726148803e-01,4.070101977481093147e-01
1.000000000000000000e+00,4.702614405430401434e-01,6.940215416659467618e-01,6.674549107379192936e-01
3.602998711467360060e-01,3.809532842890067661e-01,2.818129799961472948e-01,4.646432080014900601e-01
8.388894713925466595e-01,2.313892411123255055e-01,7.396441780520334186e-01,5.309918953050634105e-01
7.982069214060307782e-01,3.193064971506730521e-01,1.845052282140253741e-01,8.574178175389631784e-01
7.359333625109086841e-01,6.164062532310629061e-01,9.419720778195966870e-01,8.975899902458047697e-01
7.044729163323388832e-01,6.658145382907182386e-01,5.596146414603246910e-01,8.112615153286665270e-01
8.744042654233855072e-02,3.264631409952030716e-01,1.929227720302659210e-02,4.492141227415217819e-01
