2.110934894257021077e-01,3.637218300384469916e-01,1.108299925477543024e-01,4.737308246823677127e-01
9.508232928703516662e-02,5.171845501786134225e-01,0.000000000000000000e+00,6.878702629492253751e-01
9.450002187962738276e-01,1.530365473629849080e-02,4.483927188275664832e-01,3.989183030135116104e-01
3.750930935270470057e-01,5.547938203765636622e-01,2.413956913213413935e-01,8.494099808411383901e-01
1.000000000000000000e+00,2.936301902433748889e-01,9.240405201965423698e-01,3.947611241157999995e-01
7.619743052202837541e-02,4.940747970538442724e-01,4.375158312256591797e-01,9.974471864452765235e-01
4.598490611705469133e-01,3.545404691977316891e-01,8.065374168655431442e-01,9.033821894670099883e-01
6.910891565955390448e-01,6.520886131168700528e-01,9.184767248183729471e-01,9.312582118602782399e-01
5.663557992581513822e-01,5.620618315834408074e-02,1.000000000000000000e+00,4.359544099293670705e-01
7.999367913159848298e-01,1.515049080113363977e-01,9.117779503117745543e-01,2.330587585481753987e-01
3.012195372118449122e-01,7.048995978073643309e-01,4.403374971757573197e-01,7.469367823963773967e-01
1.237257915243828027e-01,4.844440249024978273e-01,4.507457120990799870e-01,5.567445259312964190e-01
9.549243380361713829e-01,3.488936134462933270e-01,1.000000000000000000e+00,7.384459753220923295e-01
6.949822003987640162e-01,7.077937556620341741e-01,6.689497048897050657e-01,9.175631970102255952e-01
1.382798867960733091e-01,7.207407701743184791e-01,6.951596558298309136e-02,8.202423170942774178e-01
