2.881823417745668081e-01,9.421566004937101946e-01,2.219341161645811411e-01,9.451548580939362898e-01
7.828515401186278977e-01,1.730864793276346569e-01,1.000000000000000000e+00,4.880796177152429416e-01
8.171408002242123159e-01,8.303698878461121535e-03,7.811821873322452037e-01,1.033501953075587759e-01
3.148654245513056726e-01,7.096638869469831246e-01,5.238948918206121075e-01,8.170778561407854301e-01
5.105424895824084430e-01,3.722781284295631488e-02,2.602028474270214886e-01,4.305103983119814570e-01
1.633693425255949849e-02,3.766744177056601250e-01,4.772050216953164781e-01,6.646432836340615546e-01
1.043330997981128661e-01,4.764177534948901838e-01,5.831022851094628395e-02,6.874236132729931725e-01
8.286996405529295506e-01,4.840549565581308000e-01,3.735238987994874416e-01,8.703065775605215437e-01
2.663075031998648479e-01,0.000000000000000000e+00,3.378429470898418607e-01,1.380176831258706494e-01
6.887271305360564977e-01,0.000000000000000000e+00,2.723992951158733522e-01,7.794026213329576791e-01
9.849459469546626433e-01,4.752600237283189921e-01,7.888304650555302278e-01,6.798119500723401876e-01
6.334663110609013437e-01,1.223121061312433533e-01,6.033667844896357657e-01,1.457680389893773742e-01
9.524282023859380608e-01,1.720253371550145571e-02,9.336039021062494392e-01,2.882355675761550384e-01
6.856013985593624183e-01,8.634488037782995784e-01,7.963258770982913903e-01,9.688606807035119450e-01
7.805809073594534020e-01,4.331922015842414320e-01,6.891661591383493324e-01,7.053970613780998766e-01
9.783900310498514497e-01,8.544238424361472184e-01,9.441699455279073394e-01,9.851746940552468246e-01
5.486479912492832067e-01,4.538617857574087089e-01,3.049265827443997101e-01,6.637132636429208254e-01
2.837403126774430961e-01,5.791116028214235989e-01,9.127718128579848100e-02,8.841362924193600925e-01
