7.820473153073789763e-02,4.936562755791489288e-01,2.808761709141710528e-03,7.127975246222670869e-01
6.136291718765456427e-01,1.451358220145264610e-01,6.929791474059860956e-01,4.066767075493773476e-01
6.287138681876203172e-01,2.917332860964882979e-02,7.018207091820696242e-01,9.625135448437582841e-02
1.408997260838993626e-01,4.590506786107967363e-01,5.873334325045100890e-01,9.223168855905582442e-01
3.522201997123526329e-01,1.543158593718943206e-01,1.231113749660683876e-01,4.524253901894155216e-01
5.828178547311000379e-01,3.686250384077170983e-01,3.338214136671848187e-01,8.344334428087135658e-01
4.090188165321861913e-01,8.230555482726313876e-01,5.005971769675696681e-01,9.081005624909184171e-01
4.986410518604670328e-01,5.018074765606785892e-01,7.172121624034489829e-01,9.135099396304224850e-01
1.049606939473428369e-02,5.246561781706962635e-02,1.778175489076109783e-01,3.098211882894977842e-01
8.549055115276360528e-01,1.762354830586758403e-01,2.217528565830206855e-01,6.717167040026339464e-01
8.430972163183537704e-01,4.696101008710565350e-01,9.337054427163752335e-01,6.312392891588507471e-01
4.286161859241415795e-01,1.390381636459477044e-01,3.829988043102334205e-01,1.811133442085139655e-01
8.139842950678910505e-01,5.650986218433441677e-03,9.608248270176802386e-01,1.282229532957267215e-01
8.577857573822105230e-01,6.165755143494284773e-01,7.142500321075355707e-01,9.100274691253029680e-01
1.780977780882766481e-01,4.084845676719356389e-01,3.042807047303268675e-01,7.703282937706302791e-01
3.633345486492129406e-01,2.496421360983625271e-01,3.583058593898800770e-01,6.942676281914934577e-01
8.008956786912956316e-01,1.467946273105017740e-01,9.049184444623908918e-01,4.105834859593041619e-01
