2.183073209833810702e-03,2.100467394498677365e-01,2.315324759015324751e-01,4.276206184717326053e-01
9.946010816808703581e-01,3.290276665097054409e-01,7.427239906076428255e-01,7.846455436343375833e-01
4.338878560958514541e-01,2.701498267900474537e-01,5.911897253097881944e-01,8.952004911649695806e-01
4.682643862943551283e-01,9.371863035066521075e-01,5.422015156351303045e-01,1.000000000000000000e+00
3.868458269992617327e-01,3.330331972017186448e-01,3.263679743847104353e-01,4.780021974668604567e-01
3.539785756133571049e-01,5.061359198609098886e-01,1.023879335857853512e-01,9.003218619307771231e-01
1.248292815154666835e-01,5.124555491835693921e-01,0.000000000000000000e+00,6.552701290778094600e-01
3.073879500352769134e-01,3.514109158214316908e-01,1.148789803064436676e-01,6.840137934986366686e-01
6.763308642824937822e-01,7.719601540032383635e-02,7.391694189587781905e-01,4.145443007522487955e-01
9.692909110072400747e-01,1.137414337994825803e-01,9.097182166096422495e-01,2.956883845923173326e-01
6.674932340506216644e-01,1.875774860334975258e-01,5.028984447594979645e-01,5.476760864304917042e-01
1.000000000000000000e+00,3.322808286087131635e-01,3.731477788035758580e-01,8.431273872213547182e-01
8.762572093010605467e-01,3.662583826505233509e-01,6.139760928153334962e-01,4.828982950724075573e-01
1.639218480359811991e-01,4.315906447467818263e-02,8.896099021322534384e-02,6.228576916160569188e-02
7.389878173969869346e-01,0.000000000000000000e+00,8.913232458080632137e-01,2.515300651889140204e-01
3.720018027025818186e-01,0.000000000000000000e+00,4.154807721070701843e-01,6.459115552326807896e-02
2.755355565459767508e-02,8.437277775891875997e-01,1.269502517709013012e-01,9.982620972505951151e-01
6.916088207048904923e-01,2.601051607896084916e-02,4.330737249570357217e-01,2.948196800632357784e-01
8.452052465582838847e-01,1.426111704422088067e-01,9.502214797829636739e-01,5.786039584564117710e-01
