0.000000000000000000e+00,8.570748244476902311e-01,3.929838243222131267e-01,1.000000000000000000e+00
8.123718713729156660e-01,5.897411949293779321e-01,6.381666446717010333e-01,6.571497075898481421e-01
2.240476204320827613e-01,5.363612109839330788e-01,7.097623811512793202e-02,6.937125986397851829e-01
9.314638385380855645e-01,3.073876666738170615e-01,6.879874458704837714e-01,5.674868059442859103e-01
4.533161659832661283e-01,5.360627317175084006e-01,5.590990046862895912e-01,5.928161001458949197e-01
3.768083370155356771e-01,9.009452052141803113e-02,3.936807151374593916e-02,5.705258708474478802e-01
4.382575872957608643e-01,1.510078759449570429e-01,3.685120817601778564e-01,1.753916589957625616e-01
4.423370494671395869e-01,1.783607865517249091e-02,8.339874611072012334e-01,1.892925653343904835e-01
1.518345158142286599e-01,0.000000000000000000e+00,2.532885274000353792e-01,1.886868988297705219e-01
8.738295860353900713e-01,4.819664870474776874e-02,7.772633008893535811e-01,3.419367917897895848e-01
2.315132741417520179e-01,7.509101502356683167e-01,5.367961059384799283e-01,1.000000000000000000e+00
8.940729856011094823e-01,6.177599873577631628e-01,9.296232700827894435e-01,8.960630450213872278e-01
2.345566382049283499e-02,3.981671974779896206e-01,4.294522176147737985e-02,4.504724695561595493e-01
4.837704929321447467e-01,4.725693869791935953e-01,1.731058326751550580e-01,8.516811919011164633e-01
