4.276521365690261200e-01,1.319962879152822843e-01,1.559961278390854522e-01,2.764577130345773348e-01
6.053073336812532235e-01,3.868058746986894336e-01,4.020969937113249015e-01,7.560457164115400586e-01
2.895073475932690710e-01,1.105138215154158887e-01,0.000000000000000000e+00,3.841067078993470885e-01
1.000000000000000000e+00,6.112910833890828899e-01,8.260135395743513076e-01,6.958760031582548189e-01
1.804403771415067359e-01,3.841151555640818227e-01,2.868016849503206567e-01,4.542608300583241832e-01
2.483372410022721688e-03,7.929609893488187566e-01,2.130335561912355957e-01,8.790000000000000036e-01
6.795596915311807873e-01,5.060507052941546347e-01,8.464314586108052652e-01,8.790000000000000036e-01
7.927825066449203373e-01,3.486046773927085618e-01,7.784040358660659908e-01,5.193016546232827046e-01
4.490617937959310302e-01,3.469446951953614189e-18,1.000000000000000000e+00,2.227254932931828635e-01
3.543669539728443452e-01,2.048839528765580287e-01,8.091165465078075103e-01,2.554324965272047887e-01
5.233369588230750713e-01,0.000000000000000000e+00,3.198706515062782474e-01,1.725853226306819643e-01
9.566125038856148066e-01,1.651182215854100632e-01,8.794636365181327520e-01,4.079126078442164016e-01
2.533657779496298335e-01,5.807705561922237303e-01,5.590156414097685600e-02,6.268877346708133791e-01
