4.750265943277098835e-02,9.220600046827606144e-01,4.775933749792793392e-03,9.872543893144317684e-01
9.002902820918371463e-01,2.166863857268968574e-01,1.000000000000000000e+00,2.472263200642632885e-01
4.374976840315620841e-01,0.000000000000000000e+00,5.035688665960533772e-01,4.830725865316467388e-02
9.777252939888961270e-02,7.776154224931971504e-01,3.109399172907161280e-01,9.009383971631749199e-01
2.459318173182939438e-01,2.107653186819004876e-01,0.000000000000000000e+00,5.223985679342648680e-01
4.247261322019950658e-01,5.039435373168449361e-01,6.914917194367988795e-01,6.973625673431892436e-01
9.834430477307476437e-03,3.611892355850758185e-01,3.276271006849544865e-01,8.993837939330515674e-01
7.193431111269629197e-01,6.523604963092167752e-01,4.118212012357079788e-01,9.835218813152949435e-01
1.636833726429698099e-01,4.825055781891539330e-02,3.958581508136036486e-01,2.158594411225061016e-01
6.586980883732939107e-01,1.267271779109219731e-01,9.273433044994827679e-02,7.410152413319368581e-01
8.015515074437424836e-01,3.725055727532555205e-01,1.000000000000000000e+00,5.029513085260339800e-01
1.000000000000000000e+00,4.025409875531908016e-02,8.784682108069362672e-01,1.212310095696131768e-01
