1.982455504486195230e-01,5.281013415116579957e-01,7.892179960516770842e-02,6.257462336760251098e-01
9.305014822145589726e-01,2.985992648015917683e-01,9.891524103025308712e-01,3.823909543146191692e-01
4.337420093394007137e-01,2.229725301511187585e-01,4.325862301015172551e-01,2.874696671717267282e-01
2.975592311311214266e-01,7.594925449730699496e-01,5.949765149664432151e-01,9.977936460135633512e-01
3.792546704455420081e-01,1.839250087523117416e-01,0.000000000000000000e+00,3.531342543157988123e-01
4.723220341899557750e-01,1.494161121040455398e-01,1.651172167560891468e-01,7.269950278610117778e-01
-1.387778780781445676e-17,7.358060194768816231e-01,2.139294685216456271e-01,8.168678316425375119e-01
9.905976764080068331e-02,5.960584584433356037e-01,4.001619447100446259e-01,9.499457176964959393e-01
3.517949058243490246e-01,8.673617379884035472e-19,4.571739214494006109e-01,1.751149245653091935e-01
7.765697414222184625e-01,1.099275834484754188e-01,3.869379585442122016e-01,9.739540331439318077e-01
9.698605325942781796e-01,5.956676923243667821e-01,8.463938447708341251e-01,8.223710335285995265e-01
7.267496306189122901e-01,7.235629711430054123e-02,4.111684840432581756e-01,2.134258016558410742e-01
6.515441814613892602e-01,5.554019371545666495e-01,8.219749053763792945e-01,7.656045993291979990e-01
5.517089338829264111e-01,4.876651518261269636e-01,5.352786807487264209e-01,8.981753833377523755e-01
6.807047453200180120e-01,2.075403734290436342e-01,6.805883321488540583e-01,5.347039894020720885e-01
