5.955680855533300733e-01,8.137121534190802086e-01,3.703337533825588057e-01,1.000000000000000000e+00
3.221441953624109567e-01,4.337327437641974592e-02,1.189039256100388742e-01,2.675369046301284692e-01
1.317419090802904869e-01,2.633727312541218613e-01,9.202765005495601447e-02,3.018410527414067124e-01
5.115897900585076874e-01,4.120896602723389535e-01,4.794758251922978110e-01,4.444734655973023862e-01
8.071257062493668588e-01,3.448082803068243107e-01,5.000644232142013035e-01,7.402817367863027131e-01
7.698396983554510742e-01,1.841954740472951657e-01,8.342172317474533250e-01,4.042798746950232447e-01
8.238492378271106142e-01,6.236454344529696048e-01,9.430072755959254538e-01,8.487343730237242312e-01
9.354176937027930405e-01,0.000000000000000000e+00,1.000000000000000000e+00,6.264011409924968854e-02
1.175158578179752583e-01,6.526321401382312315e-02,3.265560885514203204e-01,2.527837952616457939e-01
1.604758960462067674e-01,3.739519106878106958e-01,3.501283127414356877e-01,7.669482721620364263e-01
4.976792088077552356e-01,4.151281528347192662e-01,1.000000000000000000e+00,6.215787363335663063e-01
7.104824479905614831e-01,5.988143802966857665e-01,8.685828741711131284e-01,6.663270759547402777e-01
8.263229394040910725e-02,8.005055931951541304e-01,3.740297230032350595e-01,9.828463606940895936e-01
5.648814409314396601e-01,1.401231900541694553e-01,6.388832726774721360e-01,4.829486573976062291e-01
7.365227970032846017e-01,8.954198499284587998e-02,7.653914354158657396e-01,2.350151403771838510e-01
4.932638220695776399e-01,4.225623921606478373e-01,3.727605180499214965e-01,4.742657180984948262e-01
