5.981257490797465826e-01,6.154177917935695907e-01,6.296760059235361195e-01,6.336105190462731906e-01
8.074754788694206153e-01,5.533431268945918635e-01,1.000000000000000000e+00,6.549734682282480902e-01
1.230119160860794897e-01,0.000000000000000000e+00,3.065314621486033841e-01,2.891543853771146866e-01
8.691661306741602644e-01,3.902549913312969854e-01,9.808666254208286972e-01,5.734706548077402877e-01
3.871887508813273149e-01,3.638421835692802753e-01,5.706194190553083301e-01,5.998659283093213945e-01
6.347186741697948831e-01,5.371977614619105612e-01,1.000000000000000000e+00,5.865330728489688283e-01
9.582218813832825421e-02,2.116636557733772017e-01,3.180346145800646007e-01,3.156979979500411093e-01
4.488830690212929908e-01,1.632398045005583054e-01,6.888694085602817818e-01,1.582613304196197890e-01
6.005298157768744760e-01,8.668279259233113709e-01,1.000000000000000000e+00,9.212451581676006640e-01
2.444440786750385133e-02,8.166618785292492078e-01,2.157617126792125695e-01,1.000000000000000000e+00
7.673212061492240554e-01,0.000000000000000000e+00,6.155880595051214099e-01,3.545927610000799146e-01
8.566492370105757148e-01,5.015446286220508476e-01,7.730952906067863895e-01,7.322124265259104536e-01
8.439325573905176459e-01,3.133401126463740138e-01,2.912273325161418569e-01,8.092725024394746836e-01
1.000000000000000000e+00,8.495242329934512560e-01,9.456624731872314005e-01,9.102196937889990291e-01
5.765797413023400209e-01,3.110518205531804248e-01,3.597580687010484835e-01,5.852867544966403601e-01
2.906826146822281132e-01,7.940540457414257958e-01,1.761732252404976939e-01,8.553297187362767229e-01
