3.320183672081115089e-01,1.230257471128960028e-01,3.820814535463040729e-01,4.028490478432666944e-01
7.094953288557632742e-01,5.806196372632621561e-01,7.941328410299665075e-01,1.000000000000000000e+00
1.938545640758660982e-01,8.209325015104976808e-01,3.322092160405661909e-01,8.968355697506432689e-01
2.838806092198529751e-01,0.000000000000000000e+00,6.426910124469835672e-01,2.477495383995696188e-01
7.394002983391723127e-01,1.611493571270022074e-01,8.708462690045948307e-01,3.314477299323829729e-01
8.267564748033290334e-02,1.393626223202364955e-01,5.018156407116434181e-01,6.185996409642409155e-01
7.070195816971087954e-02,4.073821896474009302e-02,3.032844353467247234e-01,3.591382573436256997e-01
0.000000000000000000e+00,6.211760282918002973e-01,1.221125965671071012e-01,7.730719377827427463e-01
4.512396814121659161e-01,2.396455869005401085e-03,4.855815323724467225e-01,1.577840345831114655e-01
2.570724080723915117e-01,7.845088979169992927e-01,7.951135327790495588e-02,9.835806613335277282e-01
2.521793316042039157e-01,1.489466616858891868e-01,2.042007066456233977e-01,2.140257760080279958e-01
4.257457659054896260e-01,4.414423180224725241e-01,0.000000000000000000e+00,9.215431861840028827e-01
1.000000000000000000e+00,5.825482999509337123e-01,7.368394343075668207e-01,1.000000000000000000e+00
2.220050454291362940e-01,2.767345801581388987e-01,0.000000000000000000e+00,9.086349409938343502e-01
1.000000000000000000e+00,7.404729888842938035e-01,9.401299292140813391e-01,8.383300233504175081e-01
