0.000000000000000000e+00,2.059280888833791012e-01,3.529266801082996396e-01,4.054051484143835760e-01
6.122968465935610949e-01,4.828347954594543467e-01,1.000000000000000000e+00,7.450118137891303949e-01
4.264473353025818314e-01,8.522827819763966195e-01,5.246927108171081100e-01,9.796594186843089469e-01
2.504672136144807659e-01,5.383764308339411553e-01,4.113412175340482868e-01,6.397466856592839424e-01
2.631312742805084759e-01,1.673596295278326207e-02,2.696204647446074909e-01,2.692381223781799005e-01
4.980140585630012939e-01,5.761642171396639256e-01,3.377735357553885986e-01,8.978722380147550197e-01
2.440521573893599805e-01,4.946582680191292103e-01,1.406158352024979297e-01,7.645655507598625444e-01
2.588520012220366096e-01,2.461675358783357304e-01,1.627255716005341912e-01,6.666475581158048946e-01
4.493231488404086926e-01,2.870416650246917500e-01,3.232278512778469226e-01,4.809149494696319804e-01
9.205476744552980595e-01,4.924747227670846494e-01,1.000000000000000000e+00,5.349836347945857717e-01
4.966580875406167994e-01,4.652825797736322988e-01,5.261393777837850561e-01,5.450160299599492442e-01
4.627496973630035315e-01,2.022959783584354909e-01,8.062249644640838708e-01,9.760142967193843333e-01
9.485267438714068966e-01,4.561682449414433127e-01,6.320333442862469120e-01,5.557171596453487350e-01
