2.870773911284364988e-01,5.218541287460877198e-01,2.198947429848752966e-01,6.092706061324523192e-01
8.510054779921115697e-01,2.791555727842451318e-01,1.000000000000000000e+00,3.240280434977690915e-01
9.612866480221610166e-02,0.000000000000000000e+00,1.042725430618869076e-01,1.112056966374319750e-01
-6.938893903907228378e-18,8.808640886881611287e-01,1.712409160709851275e-01,9.863641641176889019e-01
2.087095772436375618e-01,5.433724864117344122e-01,1.241496749608564376e-02,8.573779122241298456e-01
3.915051548225645384e-01,5.499882293141734602e-01,8.016510875480409304e-01,8.723653959833729266e-01
1.155930828571462010e-01,4.260696243724936272e-01,6.739028025150156642e-01,6.189616847553139900e-01
8.776634573744188650e-01,4.911465835597030871e-01,7.745920777513135569e-01,9.413112211201675184e-01
3.133244436443286540e-01,0.000000000000000000e+00,3.627843767334216207e-01,2.624900458996056729e-01
8.606300649105875777e-01,1.437410371360796080e-01,3.004605475009114457e-01,7.151870472373944576e-01
9.948885103009481590e-01,4.548176188645052798e-01,8.874177078463296731e-01,6.586332659545255375e-01
6.882797550035243406e-01,5.289877268166055524e-01,7.290985513853306399e-01,6.070115951209554828e-01
9.521061536561663541e-01,6.810013014033560186e-01,1.000000000000000000e+00,9.674423726809300295e-01
