7.328242391181413184e-01,3.640497114247746580e-01,6.335928780561731477e-01,8.161208099528174387e-01
2.011031264401201557e-01,0.000000000000000000e+00,1.420039711914460878e-01,1.596046246702461369e-01
5.948810131850096328e-01,4.674635460700375389e-01,5.357016137113740362e-01,6.507769272185821574e-01
8.540256315084620020e-01,3.217075777605081233e-01,7.525489696840557130e-01,6.652403493142025059e-01
6.738046712726522003e-01,0.000000000000000000e+00,5.790824418810207597e-01,1.442035271777150907e-01
6.065385936824915225e-01,7.424549525612085255e-01,7.732658387611933692e-01,1.000000000000000000e+00
1.357279409349224086e-02,0.000000000000000000e+00,1.889714785314315082e-01,4.276761996178827241e-01
7.169867370995899325e-01,1.770732056437687163e-01,8.111136892864250214e-01,3.813147610592928505e-01
2.218633061585117139e-01,5.298645258352973064e-01,2.669892303877399176e-01,6.405009625098633252e-01
9.129076861863177905e-01,6.607723316620276455e-01,9.998148831560246252e-01,7.038455083985898364e-01
1.443731884764371531e-01,4.850557852184510521e-01,4.024322174458431767e-01,6.704144431002946325e-01
2.747929259048478845e-01,6.402809569736865880e-01,4.303244751828709247e-01,7.763069480198715455e-01
2.169595902786728425e-01,7.401656799824222199e-01,2.277937393295752788e-01,1.000000000000000000e+00
8.206498286220839100e-01,4.836755660130969137e-01,8.463813891643564569e-01,8.020928433912906108e-01
1.611569770657226286e-01,8.018730734254343462e-01,3.437833518854500614e-01,8.077327432057445078e-01
