6.098072569583701252e-01,-1.734723475976807094e-18,4.659424585266516705e-01,4.245955035690025525e-01
3.647503999529422281e-01,2.317382449116666687e-01,3.429591022029756520e-01,2.474838701980723310e-01
9.563109464661760928e-01,2.724503674170872802e-01,8.039391838851381866e-01,7.221529073577291902e-01
2.981688789175303000e-01,3.082824434048445639e-01,1.765395088109746879e-01,4.980118887791080695e-01
1.968931992360843097e-01,0.000000000000000000e+00,0.000000000000000000e+00,1.947497642289615361e-01
5.811692167047854962e-01,0.000000000000000000e+00,8.035186152501941903e-01,5.398439485880530686e-01
1.055325114797916325e-01,1.295569051869907284e-01,3.219068707294943099e-01,4.824142394155011004e-01
0.000000000000000000e+00,7.654561235171839506e-01,1.491523111194348050e-01,8.790000000000000036e-01
5.750755263758725588e-01,5.716718560254201442e-01,7.332500453714209110e-01,7.712827018538725987e-01
7.599089522529243190e-01,3.285499642684967525e-01,8.065398321962991002e-01,3.516798746066326919e-01
2.087211241006766693e-01,6.342631289493806390e-01,2.656588267066960496e-01,6.515332143209725535e-01
6.377156397026177981e-01,2.487030019534666181e-01,6.523609207404952315e-01,4.299322168259348542e-01
1.000000000000000000e+00,2.272958198851432743e-01,6.932043880826173066e-01,3.881944834833755409e-01
