8.298915969890487965e-01,0.000000000000000000e+00,7.184035618782993460e-01,2.589722071182443686e-01
2.591190029317986809e-01,8.412465809533048455e-01,1.713938556599283458e-01,9.382385893907992935e-01
6.097987486709741667e-01,7.474497658771430686e-01,3.644811991412082453e-01,9.247075985861148428e-01
4.108239823500203780e-01,2.211614224830160125e-01,2.860063673642101456e-01,5.011407033608259454e-01
7.681372211746031464e-01,3.338180245379610556e-01,4.667270778558558764e-01,7.054092254652833960e-01
6.336832557627820606e-01,0.000000000000000000e+00,8.070636312614649643e-01,2.611541905948899789e-01
4.047801410563332536e-01,2.466703478452522968e-01,4.484971899156588448e-01,3.369481706513467456e-01
1.536301134283864778e-01,1.180296671298851074e-01,5.448738816276085251e-01,5.049820851307975644e-01
7.469746219662789510e-01,5.449070064210790321e-01,8.576815724386928075e-01,8.727198862846368144e-01
1.318128938765631419e-01,1.827593560208964074e-01,4.857346019360049283e-01,6.167700356400701578e-01
2.266056584392746875e-01,8.422267658042614791e-01,3.891241542053053282e-01,9.116260837474445822e-01
1.730197119394682459e-01,3.867010980345295668e-01,4.085757980445882676e-01,4.353526781841818849e-01
2.208926968394261392e-01,7.740134453535588710e-01,2.692050808233661940e-01,9.465646578227490116e-01
9.248158678639222252e-01,5.110211147220883321e-02,9.123902495482953956e-01,3.014660595847598601e-01
1.072222828473183565e-01,1.026084868993586974e-01,7.928022792545821873e-02,2.714373240061763726e-01
